2 3 2 1 5 2 4 5 3 2 5 2 1 4 5 6 2 1 4 5 2 3 5 6 1 2 3 4 5 6 7 8 9 1 2 3 4 2 3 2 1 5 2 4 5 3 2 5 2 1 4 5 6 2 1 4 5 2 3 5 6 1 2 3 4 5 6 7 8 9 1 2 3 4
2 3 2 1 5 2 4 5 3 2 5 2 1 4 5 6 2 1 4 5 2 3 5 6 1 2 3 4 5 6 7 8 9 1 2 3 4
2 3 2 1 5 2 4 5 3 2 5 2 1 4 5 6 2 1 4 5 2 3 5 6 1 2 3 4 5 6 7 8 9 1 2 3 4
2 3 2 1 5 2 4 5 3 2 5 2 1 4 5 6 2 1 4 5 2 3 5 6 1 2 3 4 5 6 7 8 9 1 2 3 4
2 3 2 1 5 2 4 5 3 2 5 2 1 4 5 6 2 1 4 5 2 3 5 6 1 2 3 4 5 6 7 8 9 1 2 3 4
2 3 2 1 5 2 4 5 3 2 5 2 1 4 5 6 2 1 4 5 2 3 5 6 1 2 3 4 5 6 7 8 9 1 2 3 4 2 3 2 1 5 2 4 5 3 2 5 2 1 4 5 6 2 1 4 5 2 3 5 6 1 2 3 4 5 6 7 8 9 1 2 3 4
2 3 2 1 5 2 4 5 3 2 5 2 1 4 5 6 2 1 4 5 2 3 5 6 1 2 3 4 5 6 7 8 9 1 2 3 4
2 3 2 1 5 2 4 5 3 2 5 2 1 4 5 6 2 1 4 5 2 3 5 6 1 2 3 4 5 6 7 8 9 1 2 3 4
2 3 2 1 5 2 4 5 3 2 5 2 1 4 5 6 2 1 4 5 2 3 5 6 1 2 3 4 5 6 7 8 9 1 2 3 4
2 3 2 1 5 2 4 5 3 2 5 2 1 4 5 6 2 1 4 5 2 3 5 6 1 2 3 4 5 6 7 8 9 1 2 3 4



